[0, 0]
[30, 0]
[60, 0]
[90, 0]
[120, 0]
[150, 0]
[180, 0]
[210, 0]
[240, 0]
[270, 0]
[300, 0]
[330, 0]
[360, 0]
[390, 0]
[420, 0]
[450, 0]
[480, 0]
[510, 0]
[540, 0]
[570, 0]
[600, 0]
[630, 0]
[660, 0]
[690, 0]
[720, 0]
[750, 0]
[780, 0]
[810, 0]
[840, 0]
[870, 0]
[900, 0]
[930, 0]
[960, 0]
[990, 0]
[1020, 0]
[1050, 0]
[1080, 0]
[1110, 0]
[1140, 0]
[1170, 0]
[1200, 0]
[1230, 0]
[1260, 0]
[1290, 0]
[1320, 0]
[1350, 0]
[1380, 0]
[1410, 0]
[1440, 0]
[1470, 0]
[1500, 0]
[1530, 0]
[1560, 0]
[1590, 0]
[1620, 0]
[1650, 0]
[1680, 0]
[1710, 0]
[1740, 0]
[1770, 0]
[1800, 0]
[1830, 0]
[1860, 0]
[1890, 0]
[1920, 0]
[1950, 0]
[1980, 0]
[2010, 0]
[2040, 0]
[2070, 0]
[2100, 0]
[2130, 0]
[2160, 0]
[2190, 0]
[2220, 0]
[2250, 0]
[2280, 0]
[2310, 0]
[2340, 0]
[2370, 0]
[2400, 0]
[2430, 0]
[2460, 0]
[2490, 0]
[2520, 0]
[2550, 0]
[2580, 0]
[2610, 0]
[2640, 0]
[2670, 0]
[2700, 0]
[2730, 0]
[2760, 0]
[2790, 0]
[2820, 0]
[2850, 0]
[2880, 0]
[2910, 0]
[2940, 0]
[2970, 0]
[3000, 0]
[3030, 0]
[3060, 0]
[3090, 0]
[3120, 0]
[3150, 0]
[3180, 0]
[3210, 0]
[3240, 0]
[3270, 0]
[3300, 0]
[3330, 0]
[3360, 0]
[3390, 0]
[3420, 0]
[3450, 0]
[3480, 0]
[3510, 0]
[3540, 0]
[3570, 0]
[3600, 0]
[3630, 0]
[3660, 0]
[3690, 0]
[3720, 0]
[3750, 0]
[3780, 0]
[3810, 0]
[3840, 0]
[3870, 0]
[3900, 0]
[3930, 0]
[3960, 0]
[3990, 0]
[4020, 0]
[4050, 0]
[4080, 0]
[4110, 0]
[4140, 0]
[4170, 0]
[4200, 0]
[4230, 0]
[4260, 0]
[4290, 0]
[4320, 0]
[4350, 0]
[4380, 0]
[4410, 0]
[4440, 0]
[4470, 0]
[4500, 0]
[4530, 0]
[4560, 0]
[4590, 0]
[4620, 0]
[4650, 0]
[4680, 0]
[4710, 0]
[4740, 0]
[4770, 0]
[4800, 0]
[4830, 0]
[4860, 0]
[4890, 0]
[4920, 0]
[4950, 0]
[4980, 0]
[5010, 0]
[5040, 0]
[5070, 0]
[5100, 0]
[5130, 0]
[5160, 0]
[5190, 0]
[5220, 0]
[5250, 0]
[5280, 0]
[5310, 0]
[5340, 0]
[5370, 0]
[5400, 0]
[5430, 0]
[5460, 0]
[5490, 0]
[5520, 0]
[5550, 0]
[5580, 0]
[5610, 0]
[5640, 0]
[5670, 0]
[5700, 0]
[5730, 0]
[5760, 0]
[5790, 0]
[5820, 0]
[5850, 0]
[5880, 0]
[5910, 0]
[5940, 0]
[5970, 0]
[6000, 0]
[6030, 0]
[6060, 0]
[6090, 0]
[6120, 0]
[6150, 0]
[6180, 0]
[6210, 0]
[6240, 0]
[6270, 0]
[6300, 0]
[6330, 0]
[6360, 0]
[6390, 0]
[6420, 0]
[6450, 0]
[6480, 0]
[6510, 0]
[6540, 0]
[6570, 0]
[6600, 0]
[6630, 0]
[6660, 0]
[6690, 0]
[6720, 0]
[6750, 0]
[6780, 0]
[6810, 0]
[6840, 0]
[6870, 0]
[6900, 0]
[6930, 0]
[6960, 0]
[6990, 0]
[7020, 0]
[7050, 0]
[7080, 0]
[7110, 0]
[7140, 0]
[7170, 0]
[7200, 0]
[7230, 0]
[7260, 0]
[7290, 0]
[7320, 0]
[7350, 0]
[7380, 0]
[7410, 0]
[7440, 0]
[7470, 0]
[7500, 0]
[7530, 0]
[7560, 0]
[7590, 0]
[7620, 0]
[7650, 0]
[7680, 0]
[7710, 0]
[7740, 0]
[7770, 0]
[7800, 0]
[7830, 0]
[7860, 0]
[7890, 0]
[7920, 0]
[7950, 0]
[7980, 0]
[8010, 0]
[8040, 0]
[8070, 0]
[8100, 0]
[8130, 0]
[8160, 0]
[8190, 0]
[8220, 0]
[8250, 0]
[8280, 0]
[8310, 0]
[8340, 0]
[8370, 0]
[8400, 0]
[8430, 0]
[8460, 0]
[8490, 0]
[8520, 0]
[8550, 0]
[8580, 0]
[8610, 0]
[8640, 0]
[8670, 0]
[8700, 0]
[8730, 0]
[8760, 0]
[8790, 0]
[8820, 0]
[8850, 0]
[8880, 0]
[8910, 0]
[8940, 0]
[8970, 0]
[9000, 0]
[9030, 0]
[9060, 0]
[9090, 0]
[9120, 0]
[9150, 0]
[9180, 0]
[9210, 0]
[9240, 0]
[9270, 0]
[9300, 0]
[9330, 0]
[9360, 0]
[9390, 0]
[9420, 0]
[9450, 0]
[9480, 0]
[9510, 0]
[9540, 0]
[9570, 0]
[9600, 0]
[9630, 0]
[9660, 0]
[9690, 0]
[9720, 0]
[9750, 0]
[9780, 0]
[9810, 0]
[9840, 0]
[9870, 0]
[9900, 0]
[9930, 0]
[9960, 0]
[9990, 0]
[10020, 0]
[10050, 0]
[10080, 0]
[10110, 0]
[10140, 0]
[10170, 0]
[10200, 0]
[10230, 0]
[10260, 0]
[10290, 0]
[10320, 0]
[10350, 0]
[10380, 0]
[10410, 0]
[10440, 0]
[10470, 0]
[10500, 0]
[10530, 0]
[10560, 0]
[10590, 0]
[10620, 0]
[10650, 0]
[10680, 0]
[10710, 0]
[10740, 0]
[10770, 0]
[10800, 0]
[10830, 0]
[10860, 0]
[10890, 0]
[10920, 0]
[10950, 0]
[10980, 0]
[11010, 0]
[11040, 0]
[11070, 0]
[11100, 0]
[11130, 0]
[11160, 0]
[11190, 0]
[11220, 0]
[11250, 0]
[11280, 0]
[11310, 0]
[11340, 0]
[11370, 0]
[11400, 0]
[11430, 0]
[11460, 0]
[11490, 0]
[11520, 0]
[11550, 0]
[11580, 0]
[11610, 0]
[11640, 0]
[11670, 0]
[11700, 0]
[11730, 0]
[11760, 0]
[11790, 0]
[11820, 0]
[11850, 0]
[11880, 0]
[11910, 0]
[11940, 0]
[11970, 0]
[12000, 0]
[12030, 0]
[12060, 0]
[12090, 0]
[12120, 0]
[12150, 0]
[12180, 0]
[12210, 0]
[12240, 0]
[12270, 0]
[12300, 0]
[12330, 0]
[12360, 0]
[12390, 0]
[12420, 0]
[12450, 0]
[12480, 0]
[12510, 0]
[12540, 0]
[12570, 0]
[12600, 0]
[12630, 0]
[12660, 0]
[12690, 0]
[12720, 0]
[12750, 0]
[12780, 0]
[12810, 0]
[12840, 0]
[12870, 0]
[12900, 0]
[12930, 0]
[12960, 0]
[12990, 0]
[13020, 0]
[13050, 0]
[13080, 0]
[13110, 0]
[13140, 0]
[13170, 0]
[13200, 0]
[13230, 0]
[13260, 0]
[13290, 0]
[13320, 0]
[13350, 0]
[13380, 0]
[13410, 0]
[13440, 0]
[13470, 0]
[13500, 0]
[13530, 0]
[13560, 0]
[13590, 0]
[13620, 0]
[13650, 0]
[13680, 0]
[13710, 0]
[13740, 0]
[13770, 0]
[13800, 0]
[13830, 0]
[13860, 0]
[13890, 0]
[13920, 0]
[13950, 0]
[13980, 0]
[14010, 0]
[14040, 0]
[14070, 0]
[14100, 0]
[14130, 0]
[14160, 0]
[14190, 0]
[14220, 0]
[14250, 0]
[14280, 0]
[14310, 0]
[14340, 0]
[14370, 0]
[14400, 0]
[14430, 0]
[14460, 0]
[14490, 0]
[14520, 0]
[14550, 0]
[14580, 0]
[14610, 0]
[14640, 0]
[14670, 0]
[14700, 0]
[14730, 0]
[14760, 0]
[14790, 0]
[14820, 0]
[14850, 0]
[14880, 0]
[14910, 0]
[14940, 0]
[14970, 0]
[15000, 0]
[15030, 0]
[15060, 0]
[15090, 0]
[15120, 0]
[15150, 0]
[15180, 0]
[15210, 0]
[15240, 0]
[15270, 0]
[15300, 0]
[15330, 0]
[15360, 0]
[15390, 0]
[15420, 0]
[15450, 0]
[15480, 0]
[15510, 0]
[15540, 0]
[15570, 0]
[15600, 0]
[15630, 0]
[15660, 0]
[15690, 0]
[15720, 0]
[15750, 0]
[15780, 0]
[15810, 0]
[15840, 0]
[15870, 0]
[15900, 0]
[15930, 0]
[15960, 0]
[15990, 0]
[16020, 0]
[16050, 0]
[16080, 0]
[16110, 0]
[16140, 0]
[16170, 0]
[16200, 0]
[16230, 0]
[16260, 0]
[16290, 0]
[16320, 0]
[16350, 0]
[16380, 0]
[16410, 0]
[16440, 0]
[16470, 0]
[16500, 0]
[16530, 0]
[16560, 0]
[16590, 0]
[16620, 0]
[16650, 0]
[16680, 0]
[16710, 0]
[16740, 0]
[16770, 0]
[16800, 0]
[16830, 0]
[16860, 0]
[16890, 0]
[16920, 0]
[16950, 0]
[16980, 0]
[17010, 0]
[17040, 0]
[17070, 0]
[17100, 0]
[17130, 0]
[17160, 0]
[17190, 0]
[17220, 0]
[17250, 0]
[17280, 0]
[17310, 0]
[17340, 0]
[17370, 0]
[17400, 0]
[17430, 0]
[17460, 0]
[17490, 0]
[17520, 0]
[17550, 0]
[17580, 0]
[17610, 0]
[17640, 0]
[17670, 0]
[17700, 0]
[17730, 0]
[17760, 0]
[17790, 0]
[17820, 0]
[17850, 0]
[17880, 0]
[17910, 0]
[17940, 0]
[17970, 0]
[18000, 0]
[18030, 0]
[18060, 0]
[18090, 0]
[18120, 0]
[18150, 0]
[18180, 0]
[18210, 0]
[18240, 0]
[18270, 0]
[18300, 0]
[18330, 0]
[18360, 0]
[18390, 0]
[18420, 0]
[18450, 0]
[18480, 0]
[18510, 0]
[18540, 0]
[18570, 0]
[18600, 0]
[18630, 0]
[18660, 0]
[18690, 0]
[18720, 0]
[18750, 0]
[18780, 0]
[18810, 0]
[18840, 0]
[18870, 0]
[18900, 0]
[18930, 0]
[18960, 0]
[18990, 0]
[19020, 0]
[19050, 0]
[19080, 0]
[19110, 0]
[19140, 0]
[19170, 0]
[19200, 0]
[19230, 0]
[19260, 0]
[19290, 0]
[19320, 0]
[19350, 0]
[19380, 0]
[19410, 0]
[19440, 0]
[19470, 0]
[19500, 0]
[19530, 0]
[19560, 0]
[19590, 0]
[19620, 0]
[19650, 0]
[19680, 0]
[19710, 0]
[19740, 0]
[19770, 0]
[19800, 0]
[19830, 0]
[19860, 0]
[19890, 0]
[19920, 0]
[19950, 0]
[19980, 0]
[20010, 0]
[20040, 0]
[20070, 0]
[20100, 0]
[20130, 0]
[20160, 0]
[20190, 0]
[20220, 0]
[20250, 0]
[20280, 0]
[20310, 0]
[20340, 0]
[20370, 0]
[20400, 0]
[20430, 0]
[20460, 0]
[20490, 0]
[20520, 0]
[20550, 0]
[20580, 0]
[20610, 0]
[20640, 1]
[20670, 1]
[20700, 1]
[20730, 1]
[20760, 1]
[20790, 1]
[20820, 1]
[20850, 1]
[20880, 1]
[20910, 1]
[20940, 1]
[20970, 1]
[21000, 1]
[21030, 1]
[21060, 1]
[21090, 1]
[21120, 1]
[21150, 1]
[21180, 1]
[21210, 1]
[21240, 1]
[21270, 0]
[21300, 0]
[21330, 0]
[21360, 0]
[21390, 0]
[21420, 0]
[21450, 0]
[21480, 0]
[21510, 0]
[21540, 0]
[21570, 0]
[21600, 0]
[21630, 0]
[21660, 0]
[21690, 0]
[21720, 0]
[21750, 0]
[21780, 0]
[21810, 0]
[21840, 0]
[21870, 0]
[21900, 0]
[21930, 0]
[21960, 0]
[21990, 0]
[22020, 0]
[22050, 0]
[22080, 0]
[22110, 0]
[22140, 0]
[22170, 0]
[22200, 0]
[22230, 0]
[22260, 0]
[22290, 0]
[22320, 0]
[22350, 0]
[22380, 0]
[22410, 0]
[22440, 0]
[22470, 0]
[22500, 0]
[22530, 0]
[22560, 0]
[22590, 0]
[22620, 0]
[22650, 0]
[22680, 0]
[22710, 0]
[22740, 0]
[22770, 0]
[22800, 0]
[22830, 0]
[22860, 0]
[22890, 0]
[22920, 0]
[22950, 0]
[22980, 0]
[23010, 0]
[23040, 0]
[23070, 0]
[23100, 0]
[23130, 0]
[23160, 0]
[23190, 0]
[23220, 0]
[23250, 0]
[23280, 0]
[23310, 0]
[23340, 0]
[23370, 0]
[23400, 0]
[23430, 0]
[23460, 0]
[23490, 0]
[23520, 0]
[23550, 0]
[23580, 0]
[23610, 0]
[23640, 0]
[23670, 0]
[23700, 0]
[23730, 0]
[23760, 0]
[23790, 0]
[23820, 0]
[23850, 0]
[23880, 0]
[23910, 0]
[23940, 0]
[23970, 0]
[24000, 0]
[24030, 0]
[24060, 0]
[24090, 0]
[24120, 0]
[24150, 0]
[24180, 0]
[24210, 0]
[24240, 0]
[24270, 0]
[24300, 0]
[24330, 0]
[24360, 0]
[24390, 0]
[24420, 0]
[24450, 0]
[24480, 0]
[24510, 0]
[24540, 0]
[24570, 0]
[24600, 0]
[24630, 0]
[24660, 0]
[24690, 0]
[24720, 0]
[24750, 0]
[24780, 0]
[24810, 0]
[24840, 0]
[24870, 0]
[24900, 0]
[24930, 0]
[24960, 0]
[24990, 0]
[25020, 0]
[25050, 0]
[25080, 0]
[25110, 0]
[25140, 0]
[25170, 0]
[25200, 0]
[25230, 0]
[25260, 0]
[25290, 0]
[25320, 0]
[25350, 1]
[25380, 1]
[25410, 1]
[25440, 1]
[25470, 1]
[25500, 1]
[25530, 1]
[25560, 1]
[25590, 1]
[25620, 1]
[25650, 1]
[25680, 1]
[25710, 1]
[25740, 1]
[25770, 1]
[25800, 1]
[25830, 1]
[25860, 1]
[25890, 1]
[25920, 1]
[25950, 1]
[25980, 1]
[26010, 1]
[26040, 1]
[26070, 1]
[26100, 1]
[26130, 1]
[26160, 1]
[26190, 1]
[26220, 1]
[26250, 1]
[26280, 1]
[26310, 1]
[26340, 1]
[26370, 1]
[26400, 1]
[26430, 1]
[26460, 1]
[26490, 1]
[26520, 0]
[26550, 0]
[26580, 0]
[26610, 0]
[26640, 0]
[26670, 0]
[26700, 0]
[26730, 0]
[26760, 0]
[26790, 0]
[26820, 0]
[26850, 0]
[26880, 0]
[26910, 0]
[26940, 0]
[26970, 0]
[27000, 0]
[27030, 0]
[27060, 0]
[27090, 0]
[27120, 0]
[27150, 0]
[27180, 0]
[27210, 0]
[27240, 0]
[27270, 0]
[27300, 0]
[27330, 0]
[27360, 0]
[27390, 0]
[27420, 0]
[27450, 0]
[27480, 0]
[27510, 0]
[27540, 0]
[27570, 0]
[27600, 0]
[27630, 0]
[27660, 0]
[27690, 0]
[27720, 0]
[27750, 0]
[27780, 0]
[27810, 0]
[27840, 0]
[27870, 0]
[27900, 0]
[27930, 0]
[27960, 0]
[27990, 0]
[28020, 0]
[28050, 0]
[28080, 0]
[28110, 0]
[28140, 0]
[28170, 0]
[28200, 0]
[28230, 0]
[28260, 0]
[28290, 0]
[28320, 0]
[28350, 0]
[28380, 0]
[28410, 0]
[28440, 0]
[28470, 0]
[28500, 0]
[28530, 0]
[28560, 0]
[28590, 0]
[28620, 0]
[28650, 0]
[28680, 0]
[28710, 0]
[28740, 0]
[28770, 0]
[28800, 0]
[28830, 0]
[28860, 0]
[28890, 0]
[28920, 0]
[28950, 0]
[28980, 0]
[29010, 0]
[29040, 0]
[29070, 0]
[29100, 0]
[29130, 0]
[29160, 0]
[29190, 0]
[29220, 0]
[29250, 0]
[29280, 0]
[29310, 0]
[29340, 0]
[29370, 0]
[29400, 0]
[29430, 0]
[29460, 0]
[29490, 0]
[29520, 0]
[29550, 0]
[29580, 0]
[29610, 0]
[29640, 0]
[29670, 0]
[29700, 0]
[29730, 0]
[29760, 0]
[29790, 0]
[29820, 0]
[29850, 1]
[29880, 1]
[29910, 1]
[29940, 1]
[29970, 1]
[30000, 1]
[30030, 1]
[30060, 1]
[30090, 1]
[30120, 1]
[30150, 1]
[30180, 1]
[30210, 1]
[30240, 1]
[30270, 1]
[30300, 1]
[30330, 1]
[30360, 1]
[30390, 1]
[30420, 1]
[30450, 1]
[30480, 1]
[30510, 1]
[30540, 1]
[30570, 1]
[30600, 1]
[30630, 1]
[30660, 0]
[30690, 0]
[30720, 0]
[30750, 0]
[30780, 0]
[30810, 0]
[30840, 0]
[30870, 0]
[30900, 0]
[30930, 0]
[30960, 0]
[30990, 0]
[31020, 0]
[31050, 0]
[31080, 0]
[31110, 0]
[31140, 0]
[31170, 0]
[31200, 0]
[31230, 0]
[31260, 0]
[31290, 0]
[31320, 0]
[31350, 0]
[31380, 0]
[31410, 0]
[31440, 0]
[31470, 0]
[31500, 0]
[31530, 0]
[31560, 0]
[31590, 0]
[31620, 0]
[31650, 0]
[31680, 0]
[31710, 0]
[31740, 0]
[31770, 0]
[31800, 0]
[31830, 0]
[31860, 0]
[31890, 0]
[31920, 0]
[31950, 0]
[31980, 0]
[32010, 0]
[32040, 0]
[32070, 0]
[32100, 0]
[32130, 0]
[32160, 0]
[32190, 0]
[32220, 0]
[32250, 0]
[32280, 0]
[32310, 0]
[32340, 0]
[32370, 0]
[32400, 0]
[32430, 0]
[32460, 0]
[32490, 0]
[32520, 0]
[32550, 0]
[32580, 0]
[32610, 0]
[32640, 0]
[32670, 0]
[32700, 0]
[32730, 0]
[32760, 0]
[32790, 0]
[32820, 0]
[32850, 0]
[32880, 0]
[32910, 0]
[32940, 0]
[32970, 0]
[33000, 0]
[33030, 0]
[33060, 0]
[33090, 0]
[33120, 0]
[33150, 0]
[33180, 0]
[33210, 0]
[33240, 0]
[33270, 0]
[33300, 0]
[33330, 0]
[33360, 0]
[33390, 0]
[33420, 0]
[33450, 0]
[33480, 0]
[33510, 0]
[33540, 0]
[33570, 0]
[33600, 0]
[33630, 0]
[33660, 0]
[33690, 0]
[33720, 0]
[33750, 0]
[33780, 0]
[33810, 0]
[33840, 0]
[33870, 0]
[33900, 0]
[33930, 0]
[33960, 0]
[33990, 0]
[34020, 0]
[34050, 1]
[34080, 1]
[34110, 1]
[34140, 1]
[34170, 1]
[34200, 1]
[34230, 1]
[34260, 1]
[34290, 1]
[34320, 1]
[34350, 1]
[34380, 1]
[34410, 1]
[34440, 1]
[34470, 1]
[34500, 1]
[34530, 1]
[34560, 1]
[34590, 1]
[34620, 1]
[34650, 1]
[34680, 1]
[34710, 1]
[34740, 1]
[34770, 1]
[34800, 1]
[34830, 1]
[34860, 1]
[34890, 1]
[34920, 1]
[34950, 1]
[34980, 1]
[35010, 1]
[35040, 1]
[35070, 1]
[35100, 1]
[35130, 1]
[35160, 1]
[35190, 1]
[35220, 1]
[35250, 1]
[35280, 1]
[35310, 0]
[35340, 0]
[35370, 0]
[35400, 0]
[35430, 0]
[35460, 0]
[35490, 0]
[35520, 0]
[35550, 0]
[35580, 0]
[35610, 0]
[35640, 0]
[35670, 0]
[35700, 0]
[35730, 0]
[35760, 0]
[35790, 0]
[35820, 0]
[35850, 0]
[35880, 0]
[35910, 0]
[35940, 0]
[35970, 0]
[36000, 0]
[36030, 0]
[36060, 0]
[36090, 0]
[36120, 0]
[36150, 0]
[36180, 0]
[36210, 0]
[36240, 0]
[36270, 0]
[36300, 0]
[36330, 0]
[36360, 0]
[36390, 0]
[36420, 0]
[36450, 0]
[36480, 0]
[36510, 0]
[36540, 0]
[36570, 0]
[36600, 0]
[36630, 0]
[36660, 0]
[36690, 0]
[36720, 0]
[36750, 0]
[36780, 0]
[36810, 0]
[36840, 0]
[36870, 0]
[36900, 0]
[36930, 0]
[36960, 0]
[36990, 0]
[37020, 0]
[37050, 0]
[37080, 0]
[37110, 0]
[37140, 0]
[37170, 0]
[37200, 0]
[37230, 0]
[37260, 0]
[37290, 0]
[37320, 0]
[37350, 0]
[37380, 0]
[37410, 0]
[37440, 0]
[37470, 0]
[37500, 0]
[37530, 0]
[37560, 0]
[37590, 0]
[37620, 0]
[37650, 0]
[37680, 0]
[37710, 0]
[37740, 0]
[37770, 0]
[37800, 0]
[37830, 0]
[37860, 0]
[37890, 0]
[37920, 0]
[37950, 0]
[37980, 0]
[38010, 0]
[38040, 0]
[38070, 0]
[38100, 0]
[38130, 0]
[38160, 0]
[38190, 0]
[38220, 0]
[38250, 0]
[38280, 0]
[38310, 0]
[38340, 0]
[38370, 0]
[38400, 0]
[38430, 0]
[38460, 0]
[38490, 0]
[38520, 0]
[38550, 0]
[38580, 0]
[38610, 0]
[38640, 0]
[38670, 0]
[38700, 0]
[38730, 0]
[38760, 0]
[38790, 0]
[38820, 0]
[38850, 0]
[38880, 0]
[38910, 0]
[38940, 0]
[38970, 0]
[39000, 0]
[39030, 0]
[39060, 0]
[39090, 0]
[39120, 0]
[39150, 0]
[39180, 0]
[39210, 0]
[39240, 0]
[39270, 0]
[39300, 0]
[39330, 0]
[39360, 0]
[39390, 0]
[39420, 0]
[39450, 0]
[39480, 0]
[39510, 0]
[39540, 0]
[39570, 0]
[39600, 0]
[39630, 0]
[39660, 0]
[39690, 0]
[39720, 0]
[39750, 0]
[39780, 0]
[39810, 0]
[39840, 0]
[39870, 0]
[39900, 0]
[39930, 0]
[39960, 0]
[39990, 0]
[40020, 0]
[40050, 0]
[40080, 0]
[40110, 0]
[40140, 0]
[40170, 0]
[40200, 0]
[40230, 0]
[40260, 0]
[40290, 0]
[40320, 0]
[40350, 0]
[40380, 0]
[40410, 1]
[40440, 1]
[40470, 1]
[40500, 1]
[40530, 1]
[40560, 1]
[40590, 1]
[40620, 1]
[40650, 1]
[40680, 1]
[40710, 1]
[40740, 1]
[40770, 1]
[40800, 1]
[40830, 1]
[40860, 1]
[40890, 1]
[40920, 1]
[40950, 1]
[40980, 1]
[41010, 1]
[41040, 1]
[41070, 1]
[41100, 1]
[41130, 1]
[41160, 1]
[41190, 1]
[41220, 1]
[41250, 1]
[41280, 1]
[41310, 1]
[41340, 1]
[41370, 1]
[41400, 1]
[41430, 1]
[41460, 1]
[41490, 1]
[41520, 0]
[41550, 0]
[41580, 0]
[41610, 0]
[41640, 0]
[41670, 0]
[41700, 0]
[41730, 0]
[41760, 0]
[41790, 0]
[41820, 0]
[41850, 0]
[41880, 0]
[41910, 0]
[41940, 0]
[41970, 0]
[42000, 0]
[42030, 0]
[42060, 0]
[42090, 0]
[42120, 0]
[42150, 0]
[42180, 0]
[42210, 0]
[42240, 0]
[42270, 0]
[42300, 0]
[42330, 0]
[42360, 0]
[42390, 0]
[42420, 0]
[42450, 0]
[42480, 0]
[42510, 0]
[42540, 0]
[42570, 0]
[42600, 0]
[42630, 0]
[42660, 0]
[42690, 0]
[42720, 0]
[42750, 0]
[42780, 0]
[42810, 0]
[42840, 0]
[42870, 0]
[42900, 0]
[42930, 0]
[42960, 0]
[42990, 0]
[43020, 0]
[43050, 0]
[43080, 0]
[43110, 0]
[43140, 0]
[43170, 0]
[43200, 0]
[43230, 0]
[43260, 0]
[43290, 0]
[43320, 0]
[43350, 0]
[43380, 0]
[43410, 0]
[43440, 0]
[43470, 0]
[43500, 0]
[43530, 0]
[43560, 0]
[43590, 0]
[43620, 0]
[43650, 0]
[43680, 0]
[43710, 0]
[43740, 0]
[43770, 0]
[43800, 0]
[43830, 0]
[43860, 0]
[43890, 0]
[43920, 0]
[43950, 0]
[43980, 0]
[44010, 0]
[44040, 0]
[44070, 0]
[44100, 0]
[44130, 0]
[44160, 0]
[44190, 0]
[44220, 0]
[44250, 0]
[44280, 0]
[44310, 0]
[44340, 0]
[44370, 0]
[44400, 0]
[44430, 0]
[44460, 0]
[44490, 0]
[44520, 0]
[44550, 0]
[44580, 0]
[44610, 0]
[44640, 0]
[44670, 0]
[44700, 0]
[44730, 0]
[44760, 0]
[44790, 0]
[44820, 0]
[44850, 0]
[44880, 0]
[44910, 0]
[44940, 0]
[44970, 0]
[45000, 0]
[45030, 0]
[45060, 0]
[45090, 0]
[45120, 0]
[45150, 0]
[45180, 0]
[45210, 0]
[45240, 0]
[45270, 0]
[45300, 0]
[45330, 0]
[45360, 0]
[45390, 0]
[45420, 0]
[45450, 0]
[45480, 0]
[45510, 0]
[45540, 0]
[45570, 0]
[45600, 0]
[45630, 0]
[45660, 0]
[45690, 0]
[45720, 0]
[45750, 0]
[45780, 0]
[45810, 0]
[45840, 0]
[45870, 0]
[45900, 0]
[45930, 0]
[45960, 0]
[45990, 0]
[46020, 0]
[46050, 0]
[46080, 0]
[46110, 0]
[46140, 0]
[46170, 0]
[46200, 0]
[46230, 0]
[46260, 0]
[46290, 0]
[46320, 0]
[46350, 0]
[46380, 0]
[46410, 0]
[46440, 0]
[46470, 1]
[46500, 1]
[46530, 1]
[46560, 1]
[46590, 1]
[46620, 1]
[46650, 1]
[46680, 1]
[46710, 1]
[46740, 1]
[46770, 1]
[46800, 1]
[46830, 1]
[46860, 1]
[46890, 1]
[46920, 1]
[46950, 1]
[46980, 1]
[47010, 1]
[47040, 1]
[47070, 1]
[47100, 1]
[47130, 1]
[47160, 1]
[47190, 1]
[47220, 1]
[47250, 1]
[47280, 1]
[47310, 1]
[47340, 1]
[47370, 1]
[47400, 1]
[47430, 1]
[47460, 1]
[47490, 1]
[47520, 1]
[47550, 1]
[47580, 1]
[47610, 1]
[47640, 1]
[47670, 1]
[47700, 1]
[47730, 1]
[47760, 1]
[47790, 1]
[47820, 1]
[47850, 1]
[47880, 1]
[47910, 1]
[47940, 1]
[47970, 1]
[48000, 1]
[48030, 1]
[48060, 1]
[48090, 1]
[48120, 1]
[48150, 1]
[48180, 1]
[48210, 1]
[48240, 1]
[48270, 0]
[48300, 0]
[48330, 0]
[48360, 0]
[48390, 0]
[48420, 0]
[48450, 0]
[48480, 0]
[48510, 0]
[48540, 0]
[48570, 0]
[48600, 0]
[48630, 0]
[48660, 0]
[48690, 0]
[48720, 0]
[48750, 0]
[48780, 0]
[48810, 0]
[48840, 0]
[48870, 0]
[48900, 0]
[48930, 0]
[48960, 0]
[48990, 0]
[49020, 0]
[49050, 0]
[49080, 0]
[49110, 0]
[49140, 0]
[49170, 0]
[49200, 0]
[49230, 0]
[49260, 0]
[49290, 0]
[49320, 0]
[49350, 0]
[49380, 0]
[49410, 0]
[49440, 0]
[49470, 0]
[49500, 0]
[49530, 0]
[49560, 0]
[49590, 0]
[49620, 0]
[49650, 0]
[49680, 0]
[49710, 0]
[49740, 0]
[49770, 0]
[49800, 0]
[49830, 0]
[49860, 0]
[49890, 0]
[49920, 0]
[49950, 0]
[49980, 0]
[50010, 0]
[50040, 0]
[50070, 0]
[50100, 0]
[50130, 0]
[50160, 0]
[50190, 0]
[50220, 0]
[50250, 0]
[50280, 0]
[50310, 0]
[50340, 0]
[50370, 0]
[50400, 0]
[50430, 0]
[50460, 0]
[50490, 0]
[50520, 0]
[50550, 0]
[50580, 0]
[50610, 0]
[50640, 0]
[50670, 0]
[50700, 0]
[50730, 0]
[50760, 0]
[50790, 0]
[50820, 0]
[50850, 0]
[50880, 0]
[50910, 0]
[50940, 0]
[50970, 0]
[51000, 0]
[51030, 0]
[51060, 0]
[51090, 0]
[51120, 0]
[51150, 0]
[51180, 0]
[51210, 0]
[51240, 0]
[51270, 0]
[51300, 0]
[51330, 0]
[51360, 0]
[51390, 0]
[51420, 0]
[51450, 0]
[51480, 0]
[51510, 0]
[51540, 0]
[51570, 0]
[51600, 0]
[51630, 0]
[51660, 0]
[51690, 0]
[51720, 0]
[51750, 0]
[51780, 0]
[51810, 0]
[51840, 0]
[51870, 0]
[51900, 0]
[51930, 0]
[51960, 0]
[51990, 0]
[52020, 0]
[52050, 0]
[52080, 0]
[52110, 0]
[52140, 0]
[52170, 0]
[52200, 0]
[52230, 0]
[52260, 0]
[52290, 0]
[52320, 0]
[52350, 0]
[52380, 0]
[52410, 0]
[52440, 0]
[52470, 0]
[52500, 0]
[52530, 0]
[52560, 0]
[52590, 0]
[52620, 0]
[52650, 0]
[52680, 0]
[52710, 0]
[52740, 0]
[52770, 0]
[52800, 0]
[52830, 0]
[52860, 0]
[52890, 0]
[52920, 0]
[52950, 0]
[52980, 0]
[53010, 0]
[53040, 0]
[53070, 0]
[53100, 0]
[53130, 0]
[53160, 0]
[53190, 0]
[53220, 0]
[53250, 0]
[53280, 0]
[53310, 0]
[53340, 0]
[53370, 0]
[53400, 0]
[53430, 0]
[53460, 0]
[53490, 0]
[53520, 0]
[53550, 0]
[53580, 0]
[53610, 0]
[53640, 0]
[53670, 0]
[53700, 0]
[53730, 0]
[53760, 0]
[53790, 0]
[53820, 0]
[53850, 0]
[53880, 0]
[53910, 0]
[53940, 0]
[53970, 0]
[54000, 0]
[54030, 0]
[54060, 0]
[54090, 0]
[54120, 0]
[54150, 0]
[54180, 0]
[54210, 0]
[54240, 0]
[54270, 0]
[54300, 0]
[54330, 0]
[54360, 0]
[54390, 0]
[54420, 0]
[54450, 0]
[54480, 0]
[54510, 0]
[54540, 0]
[54570, 0]
[54600, 0]
[54630, 0]
[54660, 0]
[54690, 0]
[54720, 0]
[54750, 0]
[54780, 0]
[54810, 0]
[54840, 0]
[54870, 0]
[54900, 0]
[54930, 0]
[54960, 0]
[54990, 0]
[55020, 0]
[55050, 0]
[55080, 0]
[55110, 0]
[55140, 0]
[55170, 0]
[55200, 0]
[55230, 0]
[55260, 0]
[55290, 0]
[55320, 0]
[55350, 0]
[55380, 0]
[55410, 0]
[55440, 0]
[55470, 0]
[55500, 0]
[55530, 1]
[55560, 1]
[55590, 1]
[55620, 1]
[55650, 1]
[55680, 1]
[55710, 1]
[55740, 1]
[55770, 1]
[55800, 1]
[55830, 1]
[55860, 1]
[55890, 1]
[55920, 1]
[55950, 1]
[55980, 1]
[56010, 1]
[56040, 1]
[56070, 1]
[56100, 1]
[56130, 1]
[56160, 1]
[56190, 1]
[56220, 1]
[56250, 1]
[56280, 1]
[56310, 1]
[56340, 1]
[56370, 1]
[56400, 1]
[56430, 1]
[56460, 1]
[56490, 1]
[56520, 1]
[56550, 1]
[56580, 1]
[56610, 1]
[56640, 1]
[56670, 0]
[56700, 0]
[56730, 0]
[56760, 0]
[56790, 0]
[56820, 0]
[56850, 0]
[56880, 0]
[56910, 0]
[56940, 0]
[56970, 0]
[57000, 0]
[57030, 0]
[57060, 0]
[57090, 0]
[57120, 0]
[57150, 0]
[57180, 0]
[57210, 0]
[57240, 0]
[57270, 0]
[57300, 0]
[57330, 0]
[57360, 0]
[57390, 0]
[57420, 0]
[57450, 0]
[57480, 0]
[57510, 0]
[57540, 0]
[57570, 0]
[57600, 0]
[57630, 0]
[57660, 0]
[57690, 0]
[57720, 0]
[57750, 0]
[57780, 0]
[57810, 0]
[57840, 0]
[57870, 0]
[57900, 0]
[57930, 0]
[57960, 0]
[57990, 0]
[58020, 0]
[58050, 0]
[58080, 0]
[58110, 0]
[58140, 0]
[58170, 0]
[58200, 0]
[58230, 0]
[58260, 0]
[58290, 0]
[58320, 0]
[58350, 0]
[58380, 0]
[58410, 0]
[58440, 0]
[58470, 0]
[58500, 0]
[58530, 0]
[58560, 0]
[58590, 0]
[58620, 0]
[58650, 0]
[58680, 0]
[58710, 0]
[58740, 0]
[58770, 0]
[58800, 0]
[58830, 0]
[58860, 0]
[58890, 0]
[58920, 0]
[58950, 0]
[58980, 0]
[59010, 0]
[59040, 0]
[59070, 0]
[59100, 0]
[59130, 0]
[59160, 0]
[59190, 0]
[59220, 0]
[59250, 0]
[59280, 0]
[59310, 0]
[59340, 0]
[59370, 0]
[59400, 0]
[59430, 0]
[59460, 0]
[59490, 0]
[59520, 0]
[59550, 0]
[59580, 0]
[59610, 0]
[59640, 0]
[59670, 0]
[59700, 0]
[59730, 0]
[59760, 0]
[59790, 0]
[59820, 0]
[59850, 0]
[59880, 0]
[59910, 0]
[59940, 0]
[59970, 0]
[60000, 0]
[60030, 0]
[60060, 0]
[60090, 0]
[60120, 0]
[60150, 0]
[60180, 0]
[60210, 0]
[60240, 0]
[60270, 0]
[60300, 0]
[60330, 0]
[60360, 0]
[60390, 0]
[60420, 0]
[60450, 0]
[60480, 0]
[60510, 0]
[60540, 0]
[60570, 0]
[60600, 0]
[60630, 0]
[60660, 0]
[60690, 0]
[60720, 0]
[60750, 0]
[60780, 0]
[60810, 0]
[60840, 0]
[60870, 0]
[60900, 0]
[60930, 0]
[60960, 0]
[60990, 0]
[61020, 0]
[61050, 0]
[61080, 0]
[61110, 0]
[61140, 0]
[61170, 0]
[61200, 0]
[61230, 0]
[61260, 0]
[61290, 0]
[61320, 0]
[61350, 0]
[61380, 0]
[61410, 0]
[61440, 0]
[61470, 0]
[61500, 0]
[61530, 0]
[61560, 0]
[61590, 0]
[61620, 0]
[61650, 0]
[61680, 0]
[61710, 0]
[61740, 0]
[61770, 0]
[61800, 0]
[61830, 0]
[61860, 0]
[61890, 0]
[61920, 0]
[61950, 0]
[61980, 0]
[62010, 0]
[62040, 0]
[62070, 0]
[62100, 0]
[62130, 0]
[62160, 0]
[62190, 0]
[62220, 0]
[62250, 0]
[62280, 0]
[62310, 0]
[62340, 0]
[62370, 0]
[62400, 0]
[62430, 0]
[62460, 0]
[62490, 0]
[62520, 0]
[62550, 0]
[62580, 0]
[62610, 0]
[62640, 0]
[62670, 0]
[62700, 0]
[62730, 0]
[62760, 0]
[62790, 0]
[62820, 0]
[62850, 0]
[62880, 0]
[62910, 0]
[62940, 0]
[62970, 0]
[63000, 0]
[63030, 0]
[63060, 0]
[63090, 0]
[63120, 0]
[63150, 0]
[63180, 0]
[63210, 0]
[63240, 0]
[63270, 0]
[63300, 0]
[63330, 0]
[63360, 0]
[63390, 0]
[63420, 0]
[63450, 0]
[63480, 0]
[63510, 0]
[63540, 0]
[63570, 0]
[63600, 0]
[63630, 0]
[63660, 0]
[63690, 0]
[63720, 0]
[63750, 0]
[63780, 0]
[63810, 0]
[63840, 0]
[63870, 0]
[63900, 0]
[63930, 0]
[63960, 0]
[63990, 0]
[64020, 0]
[64050, 0]
[64080, 0]
[64110, 0]
[64140, 0]
[64170, 0]
[64200, 1]
[64230, 1]
[64260, 1]
[64290, 1]
[64320, 1]
[64350, 1]
[64380, 1]
[64410, 1]
[64440, 1]
[64470, 1]
[64500, 1]
[64530, 1]
[64560, 1]
[64590, 1]
[64620, 1]
[64650, 1]
[64680, 1]
[64710, 1]
[64740, 1]
[64770, 1]
[64800, 1]
[64830, 1]
[64860, 1]
[64890, 1]
[64920, 1]
[64950, 1]
[64980, 0]
[65010, 0]
[65040, 0]
[65070, 0]
[65100, 0]
[65130, 0]
[65160, 0]
[65190, 0]
[65220, 0]
[65250, 0]
[65280, 0]
[65310, 0]
[65340, 0]
[65370, 0]
[65400, 0]
[65430, 0]
[65460, 0]
[65490, 0]
[65520, 0]
[65550, 0]
[65580, 0]
[65610, 0]
[65640, 0]
[65670, 0]
[65700, 0]
[65730, 0]
[65760, 0]
[65790, 0]
[65820, 0]
[65850, 0]
[65880, 0]
[65910, 0]
[65940, 0]
[65970, 0]
[66000, 0]
[66030, 0]
[66060, 0]
[66090, 0]
[66120, 0]
[66150, 0]
[66180, 0]
[66210, 0]
[66240, 0]
[66270, 0]
[66300, 0]
[66330, 0]
[66360, 0]
[66390, 0]
[66420, 0]
[66450, 0]
[66480, 0]
[66510, 0]
[66540, 0]
[66570, 0]
[66600, 0]
[66630, 0]
[66660, 0]
[66690, 0]
[66720, 0]
[66750, 0]
[66780, 0]
[66810, 0]
[66840, 0]
[66870, 0]
[66900, 0]
[66930, 0]
[66960, 0]
[66990, 0]
[67020, 0]
[67050, 0]
[67080, 0]
[67110, 0]
[67140, 0]
[67170, 0]
[67200, 0]
[67230, 0]
[67260, 0]
[67290, 0]
[67320, 0]
[67350, 0]
[67380, 0]
[67410, 0]
[67440, 0]
[67470, 0]
[67500, 0]
[67530, 0]
[67560, 0]
[67590, 0]
[67620, 0]
[67650, 0]
[67680, 0]
[67710, 0]
[67740, 0]
[67770, 0]
[67800, 0]
[67830, 0]
[67860, 0]
[67890, 0]
[67920, 0]
[67950, 0]
[67980, 0]
[68010, 0]
[68040, 0]
[68070, 0]
[68100, 0]
[68130, 0]
[68160, 0]
[68190, 0]
[68220, 0]
[68250, 0]
[68280, 0]
[68310, 0]
[68340, 0]
[68370, 0]
[68400, 0]
[68430, 0]
[68460, 0]
[68490, 0]
[68520, 0]
[68550, 0]
[68580, 0]
[68610, 0]
[68640, 0]
[68670, 0]
[68700, 0]
[68730, 0]
[68760, 0]
[68790, 0]
[68820, 0]
[68850, 0]
[68880, 0]
[68910, 0]
[68940, 0]
[68970, 0]
[69000, 0]
[69030, 0]
[69060, 0]
[69090, 0]
[69120, 0]
[69150, 0]
[69180, 0]
[69210, 0]
[69240, 0]
[69270, 0]
[69300, 0]
[69330, 0]
[69360, 0]
[69390, 0]
[69420, 0]
[69450, 0]
[69480, 0]
[69510, 0]
